NINO 3.4  INITIAL TIME   8 2018
PROJECTION FRACTION TERCILES    HALF DEG C       MEDIAN
        BELOW NORMAL ABOVE  BELOW NORMAL ABOVE DEG C ANOMALY
JJA    -0.000 0.455 0.545   0.000 0.903 0.097  27.57   0.33
JAS     0.000 0.405 0.595   0.000 0.589 0.411  27.34   0.40
ASO     0.016 0.402 0.582   0.017 0.449 0.534  27.24   0.49
SON     0.017 0.281 0.703   0.019 0.275 0.706  27.43   0.74
OND     0.011 0.236 0.753   0.018 0.197 0.785  27.58   0.95
NDJ     0.011 0.238 0.751   0.019 0.186 0.795  27.57   1.00
DJF     0.014 0.265 0.721   0.019 0.228 0.753  27.52   0.89
JFM     0.021 0.285 0.694   0.021 0.287 0.692  27.57   0.74
FMA     0.017 0.232 0.750   0.016 0.301 0.682  27.93   0.68
MAM     0.015 0.175 0.810   0.013 0.295 0.692  28.29   0.67
AMJ     0.050 0.229 0.722   0.021 0.403 0.577  28.32   0.55
MJJ     0.086 0.251 0.664   0.049 0.398 0.553  28.11   0.53
JJA     0.164 0.315 0.521   0.126 0.430 0.445  27.59   0.35
JAS     0.198 0.335 0.467   0.167 0.419 0.414  27.23   0.29
ASO     0.224 0.346 0.430   0.207 0.385 0.407  27.00   0.25
SON     0.231 0.346 0.422   0.236 0.339 0.425  26.95   0.26
